<?xml version="1.0" standalone="no"?>
<!DOCTYPE svg PUBLIC "-//W3C//DTD SVG 20010904//EN"
 "http://www.w3.org/TR/2001/REC-SVG-20010904/DTD/svg10.dtd">
<svg version="1.0" xmlns="http://www.w3.org/2000/svg"
 width="512.000000pt" height="512.000000pt" viewBox="0 0 512.000000 512.000000"
 preserveAspectRatio="xMidYMid meet">

<g transform="translate(0.000000,512.000000) scale(0.100000,-0.100000)"
fill="#000000" stroke="none">
<path d="M25 5095 l-25 -24 0 -2511 0 -2511 25 -24 24 -25 2511 0 2511 0 24
25 c32 31 32 69 0 100 l-24 25 -271 0 -270 0 0 955 0 954 -22 21 c-30 27 -73
26 -103 -5 l-25 -24 0 -951 0 -950 -225 0 -225 0 0 1225 0 1225 225 0 225 0 0
-125 c0 -120 1 -127 25 -150 30 -30 64 -32 99 -4 l26 20 0 188 c0 178 -1 189
-21 207 -20 18 -41 19 -356 19 l-335 0 -19 -24 c-18 -23 -19 -58 -19 -1302 l0
-1279 -150 0 -150 0 0 685 c0 672 0 685 -20 705 -19 19 -33 20 -355 20 -322 0
-336 -1 -355 -20 -19 -19 -20 -33 -20 -214 l0 -195 26 -20 c37 -29 78 -27 103
5 19 24 21 40 21 160 l0 134 165 0 165 0 0 -630 0 -630 -165 0 -165 0 0 344
c0 332 -1 344 -21 370 -25 32 -66 34 -103 5 l-26 -20 0 -350 0 -349 -150 0
-150 0 0 988 0 989 -23 21 c-23 22 -28 22 -353 22 l-331 0 -21 -23 c-21 -23
-22 -30 -22 -284 0 -235 2 -261 17 -275 42 -37 101 -28 122 19 7 15 11 97 11
218 l0 195 225 0 225 0 0 -935 0 -935 -225 0 -225 0 0 579 c0 570 0 579 -21
605 -26 33 -79 36 -109 6 -20 -20 -20 -33 -20 -605 l0 -585 -150 0 -150 0 0
583 0 584 -23 21 c-23 22 -28 22 -355 22 -319 0 -333 -1 -352 -20 -20 -20 -20
-33 -20 -605 l0 -585 -240 0 -240 0 0 240 0 240 100 0 c87 0 103 3 120 20 25
25 26 71 1 101 -17 22 -28 24 -120 27 l-101 4 0 484 0 484 98 0 c90 0 100 2
120 23 29 31 28 72 -3 102 -22 23 -32 25 -120 25 l-95 0 0 485 0 485 98 0 c90
0 100 2 120 23 31 33 29 80 -4 106 -23 18 -41 21 -120 21 l-94 0 0 485 0 485
94 0 c79 0 97 3 120 21 36 28 36 80 0 108 -23 18 -41 21 -120 21 l-94 0 0 465
0 466 -25 24 c-13 14 -36 25 -50 25 -14 0 -37 -11 -50 -25z m1085 -4415 l0
-530 -165 0 -165 0 0 530 0 530 165 0 165 0 0 -530z"/>
<path d="M4060 3855 c-110 -31 -199 -107 -248 -213 -23 -49 -27 -70 -27 -152
0 -88 3 -101 33 -163 l33 -67 -23 -28 c-71 -84 -530 -602 -534 -602 -3 0 -21
7 -41 15 -128 54 -292 27 -397 -66 l-35 -31 -204 118 -204 118 9 35 c6 20 8
70 6 112 -8 136 -87 253 -213 314 -54 27 -70 30 -160 30 -90 0 -106 -3 -160
-30 -168 -81 -252 -271 -201 -450 10 -32 14 -61 9 -66 -4 -4 -107 -84 -228
-177 -205 -159 -221 -169 -240 -156 -11 8 -45 27 -75 42 -49 24 -66 27 -155
27 -87 0 -107 -3 -157 -27 -79 -37 -142 -98 -181 -177 -30 -61 -32 -73 -32
-166 0 -88 3 -107 27 -157 34 -74 112 -152 186 -186 50 -24 69 -27 157 -27 88
0 107 3 157 27 167 78 255 274 204 452 -10 32 -14 61 -11 65 3 3 106 83 228
177 l222 170 44 -27 c140 -89 332 -76 454 30 l37 33 204 -117 204 -118 -10
-36 c-6 -20 -8 -70 -6 -111 8 -139 87 -252 216 -313 60 -29 77 -32 157 -32 80
0 97 3 157 32 82 39 145 100 184 179 26 53 29 69 29 159 0 93 -2 105 -33 167
l-33 67 267 303 c147 167 272 308 278 315 8 9 29 6 86 -14 62 -21 87 -24 143
-20 133 11 255 96 315 216 24 50 27 67 27 161 0 96 -2 110 -30 163 -80 159
-271 247 -435 202z m200 -165 c76 -39 120 -113 120 -200 0 -210 -264 -307
-398 -145 -155 189 60 457 278 345z m-2122 -576 c165 -69 190 -296 43 -399
-39 -28 -50 -30 -126 -30 -76 0 -87 3 -127 30 -56 39 -98 119 -98 187 0 158
165 272 308 212z m1090 -627 c62 -40 95 -97 100 -168 6 -78 -16 -136 -72 -187
-114 -105 -291 -68 -357 73 -51 110 7 256 121 304 14 6 57 10 96 8 58 -2 78
-7 112 -30z m-2117 -195 c39 -20 62 -41 83 -75 99 -160 -22 -360 -208 -345
-169 14 -260 199 -170 344 39 63 113 104 189 104 38 0 67 -8 106 -28z"/>
</g>
</svg>
